 18.8383 14.5674 14.6417 15.728 17.9982 12.7663 15.039 17.0312 13.8874 20.3071 17.139 13.8832 14.4826 15.7151 16.2149 16.1017 14.8415 14.0656 14.9334 13.8525 12.5161 15.4868 17.1847
 14.5674 18.9147 14.9819 16.045 18.053 15.3891 13.9355 17.2224 17.5668 17.4014 18.0739 14.6857 12.567 14.0774 15.9038 13.9115 13.531 13.0432 16.7874 16.0166 13.0599 13.1787 17.8348
 14.6417 14.9819 19.7236 15.6202 17.0006 12.5461 13.1448 16.0871 13.4693 17.4345 17.4512 17.364 13.6702 12.1888 15.0444 13.6844 14.6634 13.7974 14.5898 14.1732 14.4363 13.109 16.1944
 15.728 16.045 15.6202 22.3928 18.8263 15.6695 17.8479 17.184 16.9251 19.8008 16.8193 14.7444 17.6077 14.4376 16.0502 13.8313 17.7159 13.7001 17.8781 17.4831 14.9195 15.6623 15.7687
 17.9982 18.053 17.0006 18.8263 28.1361 17.9065 14.8585 19.0772 20.0155 21.706 18.4821 18.753 15.2041 17.1454 19.8723 19.941 16.5914 17.0633 20.4869 16.9412 16.4121 14.876 20.3584
 12.7663 15.3891 12.5461 15.6695 17.9065 21.0036 15.3429 16.5346 16.6615 19.252 16.9467 15.5277 13.9381 13.8341 17.6244 14.6304 16.4993 11.7486 16.2755 18.087 14.5702 13.5753 18.3291
 15.039 13.9355 13.1448 17.8479 14.8585 15.3429 20.6889 17.2156 14.5895 19.6547 16.1018 13.434 15.268 15.1542 15.2425 12.5009 17.5528 13.6889 15.1412 17.2961 14.0447 13.7039 13.8739
 17.0312 17.2224 16.0871 17.184 19.0772 16.5346 17.2156 22.7903 18.9111 22.461 19.8207 17.0422 13.9257 17.176 17.0133 16.3734 17.4369 16.0057 16.5286 16.5767 16.2189 15.232 18.1494
 13.8874 17.5668 13.4693 16.9251 20.0155 16.6615 14.5895 18.9111 23.4814 17.7359 17.4159 16.0522 12.9995 14.0736 15.9208 13.386 15.5844 13.2169 18.2027 15.8452 13.7255 12.9776 17.5121
 20.3071 17.4014 17.4345 19.8008 21.706 19.252 19.6547 22.461 17.7359 28.2186 19.765 18.1017 17.6564 19.6895 19.6226 18.6908 19.7126 16.4283 16.8204 18.2562 18.5455 18.8042 19.9231
 17.139 18.0739 17.4512 16.8193 18.4821 16.9467 16.1018 19.8207 17.4159 19.765 23.2502 17.0356 14.662 15.9633 17.399 14.7897 16.5642 15.3929 15.6513 17.8642 12.8824 15.9239 20.2147
 13.8832 14.6857 17.364 14.7444 18.753 15.5277 13.434 17.0422 16.0522 18.1017 17.0356 23.0452 14.5386 12.3644 16.6659 15.447 15.9183 14.037 17.2423 16.6745 14.7009 13.3761 17.4814
 14.4826 12.567 13.6702 17.6077 15.2041 13.9381 15.268 13.9257 12.9995 17.6564 14.662 14.5386 18.5977 14.2676 16.0282 12.3597 17.0931 13.1648 15.1748 16.5418 12.3525 15.4283 14.0493
 15.7151 14.0774 12.1888 14.4376 17.1454 13.8341 15.1542 17.176 14.0736 19.6895 15.9633 12.3644 14.2676 20.5686 16.1834 13.5151 15.4885 15.7196 15.4031 16.8815 13.5361 14.1877 16.4097
 16.2149 15.9038 15.0444 16.0502 19.8723 17.6244 15.2425 17.0133 15.9208 19.6226 17.399 16.6659 16.0282 16.1834 22.7508 17.1038 17.9922 13.9297 20.2027 18.5349 16.7987 14.8454 17.763
 16.1017 13.9115 13.6844 13.8313 19.941 14.6304 12.5009 16.3734 13.386 18.6908 14.7897 15.447 12.3597 13.5151 17.1038 20.7235 14.9702 12.5038 17.8889 13.0007 16.4237 13.3282 16.7751
 14.8415 13.531 14.6634 17.7159 16.5914 16.4993 17.5528 17.4369 15.5844 19.7126 16.5642 15.9183 17.0931 15.4885 17.9922 14.9702 21.8643 14.4236 17.8849 18.2579 17.5308 15.8445 13.9876
 14.0656 13.0432 13.7974 13.7001 17.0633 11.7486 13.6889 16.0057 13.2169 16.4283 15.3929 14.037 13.1648 15.7196 13.9297 12.5038 14.4236 17.4334 13.7077 15.5226 11.7936 11.8925 15.2163
 14.9334 16.7874 14.5898 17.8781 20.4869 16.2755 15.1412 16.5286 18.2027 16.8204 15.6513 17.2423 15.1748 15.4031 20.2027 17.8889 17.8849 13.7077 24.3873 18.7328 18.0604 13.4112 17.1083
 13.8525 16.0166 14.1732 17.4831 16.9412 18.087 17.2961 16.5767 15.8452 18.2562 17.8642 16.6745 16.5418 16.8815 18.5349 13.0007 18.2579 15.5226 18.7328 22.2034 14.7573 14.0771 17.3973
 12.5161 13.0599 14.4363 14.9195 16.4121 14.5702 14.0447 16.2189 13.7255 18.5455 12.8824 14.7009 12.3525 13.5361 16.7987 16.4237 17.5308 11.7936 18.0604 14.7573 20.2191 12.3868 13.1837
 15.4868 13.1787 13.109 15.6623 14.876 13.5753 13.7039 15.232 12.9776 18.8042 15.9239 13.3761 15.4283 14.1877 14.8454 13.3282 15.8445 11.8925 13.4112 14.0771 12.3868 16.6288 15.244
 17.1847 17.8348 16.1944 15.7687 20.3584 18.3291 13.8739 18.1494 17.5121 19.9231 20.2147 17.4814 14.0493 16.4097 17.763 16.7751 13.9876 15.2163 17.1083 17.3973 13.1837 15.244 24.1679
